observed	shannon	simperson	invsimperson	chao1	chao2	evenness	Gini
77	1	0	0	1	1	1	0	0.916666666666667
109	1	0	0	1	1	1	0	0.916666666666667
63	1	0	0	1	1	1	0	0.916666666666667
212	1	0	0	1	1	1	0	0.916666666666667
115	1	0	0	1	1	1	0	0.916666666666667
111	1	0	0	1	1	1	0	0.916666666666667
176	1	0	0	1	1	1	0	0.916666666666667
106	1	0	0	1	1	1	0	0.916666666666667
191	1	0	0	1	1	1	0	0.916666666666667
80	1	0	0	1	1	1	0	0.916666666666667
311	1	0	0	1	1	1	0	0.916666666666667
62	1	0	0	1	1	1	0	0.916666666666667
217	1	0	0	1	1	1	0	0.916666666666667
102	1	0	0	1	1	1	0	0.916666666666667
205	1	0	0	1	1	1	0	0.916666666666667
130	1	0	0	1	1	1	0	0.916666666666667
153	1	0	0	1	1	1	0	0.916666666666667
169	1	0	0	1	1	1	0	0.916666666666667
68	1	0	0	1	1	1	0	0.916666666666667
222	1	0	0	1	1	1	0	0.916666666666667
134	1	0	0	1	1	1	0	0.916666666666667
231	1	0	0	1	1	1	0	0.916666666666667
244	1	0	0	1	1	1	0	0.916666666666667
223	1	0	0	1	1	1	0	0.916666666666667
271	1	0	0	1	1	1	0	0.916666666666667
171	1	0	0	1	1	1	0	0.916666666666667
269	1	0	0	1	1	1	0	0.916666666666667
94	1	0	0	1	1	1	0	0.916666666666667
272	1	0	0	1	1	1	0	0.916666666666667
188	1	0	0	1	1	1	0	0.916666666666667
65	1	0	0	1	1	1	0	0.916666666666667
221	1	0	0	1	1	1	0	0.916666666666667
131	1	0	0	1	1	1	0	0.916666666666667
79	1	0	0	1	1	1	0	0.916666666666667
145	1	0	0	1	1	1	0	0.916666666666667
141	1	0	0	1	1	1	0	0.916666666666667
110	1	0	0	1	1	1	0	0.916666666666667
91	1	0	0	1	1	1	0	0.916666666666667
150	1	0	0	1	1	1	0	0.916666666666667
107	1	0	0	1	1	1	0	0.916666666666667
237	1	0	0	1	1	1	0	0.916666666666667
73	1	0	0	1	1	1	0	0.916666666666667
84	1	0	0	1	1	1	0	0.916666666666667
258	1	0	0	1	1	1	0	0.916666666666667
158	1	0	0	1	1	1	0	0.916666666666667
178	1	0	0	1	1	1	0	0.916666666666667
78	1	0	0	1	1	1	0	0.916666666666667
177	1	0	0	1	1	1	0	0.916666666666667
148	1	0	0	1	1	1	0	0.916666666666667
74	1	0	0	1	1	1	0	0.916666666666667
301	1	0	0	1	1	1	0	0.916666666666667
182	1	0	0	1	1	1	0	0.916666666666667
263	1	0	0	1	1	1	0	0.916666666666667
289	1	0	0	1	1	1	0	0.916666666666667
174	1	0	0	1	1	1	0	0.916666666666667
140	1	0	0	1	1	1	0	0.916666666666667
197	1	0	0	1	1	1	0	0.916666666666667
66	1	0	0	1	1	1	0	0.916666666666667
313	1	0	0	1	1	1	0	0.916666666666667
135	1	0	0	1	1	1	0	0.916666666666667
189	1	0	0	1	1	1	0	0.916666666666667
213	1	0	0	1	1	1	0	0.916666666666667
82	1	0	0	1	1	1	0	0.916666666666667
175	1	0	0	1	1	1	0	0.916666666666667
85	1	0	0	1	1	1	0	0.916666666666667
97	1	0	0	1	1	1	0	0.916666666666667
296	1	0	0	1	1	1	0	0.916666666666667
105	1	0	0	1	1	1	0	0.916666666666667
206	1	0	0	1	1	1	0	0.916666666666667
121	1	0	0	1	1	1	0	0.916666666666667
181	1	0	0	1	1	1	0	0.916666666666667
83	1	0	0	1	1	1	0	0.916666666666667
226	1	0	0	1	1	1	0	0.916666666666667
216	1	0	0	1	1	1	0	0.916666666666667
137	1	0	0	1	1	1	0	0.916666666666667
123	1	0	0	1	1	1	0	0.916666666666667
273	1	0	0	1	1	1	0	0.916666666666667
246	2	0.0564061976948261	0.0199727562519125	1.02037979696924	2	2	0.0282030988474131	0.914985308521058
233	2	0.284553357473967	0.15119354226692	1.17812487274274	2	2	0.142276678736983	0.90293602103418
220	1	0	0	1	1	1	0	0.916666666666667
147	1	0	0	1	1	1	0	0.916666666666667
155	1	0	0	1	1	1	0	0.916666666666667
203	1	0	0	1	1	1	0	0.916666666666667
236	1	0	0	1	1	1	0	0.916666666666667
239	1	0	0	1	1	1	0	0.916666666666667
194	1	0	0	1	1	1	0	0.916666666666667
200	1	0	0	1	1	1	0	0.916666666666667
196	1	0	0	1	1	1	0	0.916666666666667
95	1	0	0	1	1	1	0	0.916666666666667
61	1	0	0	1	1	1	0	0.916666666666667
204	1	0	0	1	1	1	0	0.916666666666667
165	1	0	0	1	1	1	0	0.916666666666667
101	1	0	0	1	1	1	0	0.916666666666667
201	1	0	0	1	1	1	0	0.916666666666667
112	1	0	0	1	1	1	0	0.916666666666667
118	1	0	0	1	1	1	0	0.916666666666667
187	1	0	0	1	1	1	0	0.916666666666667
295	1	0	0	1	1	1	0	0.916666666666667
276	1	0	0	1	1	1	0	0.916666666666667
166	1	0	0	1	1	1	0	0.916666666666667
160	1	0	0	1	1	1	0	0.916666666666667
142	1	0	0	1	1	1	0	0.916666666666667
71	1	0	0	1	1	1	0	0.916666666666667
180	1	0	0	1	1	1	0	0.916666666666667
90	2	0.0357023640461031	0.0115518649945154	1.01168687014059	2	2	0.0178511820230515	0.915698385843947
195	1	0	0	1	1	1	0	0.916666666666667
300	1	0	0	1	1	1	0	0.916666666666667
256	1	0	0	1	1	1	0	0.916666666666667
228	1	0	0	1	1	1	0	0.916666666666667
288	1	0	0	1	1	1	0	0.916666666666667
75	3	0.105920360849723	0.0395134533608975	1.04113899720841	3	3	0.0353067869499077	0.912907979773397
255	1	0	0	1	1	1	0	0.916666666666667
286	1	0	0	1	1	1	0	0.916666666666667
224	3	0.0848738266157583	0.030895473102203	1.0318804341995	3	3	0.0282912755385861	0.913857971468882
207	2	0.0586649956513353	0.0209425833189698	1.02139055683778	2	2	0.0293324978256676	0.914902783691179
254	2	0.0919360958764509	0.0362154175306315	1.03757625738092	2	2	0.0459680479382254	0.913591993515876
268	3	0.0929962627196851	0.0336712579288537	1.03484451663591	3	3	0.030998754239895	0.913457323564406
219	1	0	0	1	1	1	0	0.916666666666667
261	2	0.0662028318153931	0.0242447095756959	1.02484712080337	2	2	0.0331014159076966	0.914621169858881
99	1	0	0	1	1	1	0	0.916666666666667
192	1	0	0	1	1	1	0	0.916666666666667
279	1	0	0	1	1	1	0	0.916666666666667
159	1	0	0	1	1	1	0	0.916666666666667
278	1	0	0	1	1	1	0	0.916666666666667
129	1	0	0	1	1	1	0	0.916666666666667
306	1	0	0	1	1	1	0	0.916666666666667
225	1	0	0	1	1	1	0	0.916666666666667
257	1	0	0	1	1	1	0	0.916666666666667
262	2	0.0639720750806066	0.023257161986066	1.02381093680027	2	2	0.0319860375403033	0.914705492612469
232	2	0.152405937389526	0.0679380330690289	1.0728900389453	2	2	0.076202968694763	0.910798555541877
230	2	0.19130930712375	0.0906215487106858	1.0996521839529	2	2	0.0956546535618748	0.9087376556462
235	2	0.187733880186675	0.0884690264147958	1.097055425409	2	2	0.0938669400933375	0.90893563466379
64	3	0.131834386432547	0.0516881211573996	1.05450540303311	3	3	0.0439447954775156	0.911736466715435
307	2	0.193674855046657	0.0920529899780713	1.10138586168795	2	2	0.0968374275233285	0.908605710037866
266	2	0.0606451825407217	0.0218003760670249	1.02228622413427	2	2	0.0303225912703609	0.914829722477353
133	2	0.269421061225466	0.140808969457744	1.16388552074255	2	2	0.134710530612733	0.90396451846488
249	2	0.306758828600186	0.166799756910916	1.2001916805647	2	2	0.153379414300093	0.901361130254997
139	2	0.281227276930099	0.148893406050446	1.17494096169495	2	2	0.140613638465049	0.903165134624161
87	2	0.188644309149237	0.0890158682297473	1.09771396133626	2	2	0.0943221545746185	0.908885387847115
211	2	0.331163265912689	0.184443246008844	1.22615623634556	2	2	0.165581632956345	0.89953554397861
162	2	0.295328666980155	0.158712516110906	1.18865431751963	2	2	0.147664333490078	0.902181746117537
245	2	0.456860483184057	0.283011417146139	1.39472234832479	2	2	0.228430241592028	0.888230786074009
210	2	0.505444992463957	0.32437425235852	1.48010937044787	2	2	0.252722496231979	0.882722061754103
251	2	0.465313101074215	0.290081181115433	1.40861176432992	2	2	0.232656550537107	0.88732906604597
248	3	0.690977995254977	0.433790170737	1.76612970725294	3	3	0.230325998418326	0.862698776320562
287	2	0.622569458593434	0.431099002086641	1.75777508506374	2	2	0.311284729296717	0.864268076008071
241	2	0.662350488519978	0.469520775909572	1.88508796308587	2	2	0.331175244259989	0.853908137264635
259	2	0.675512980932516	0.482469701680923	1.9322540211616	2	2	0.337756490466258	0.848937062552425
253	2	0.68764299170211	0.494505917276229	1.97826252408666	2	2	0.343821495851055	0.842068704218237
146	1	0	0	1	1	1	0	0.916666666666667
252	1	0	0	1	1	1	0	0.916666666666667
202	1	0	0	1	1	1	0	0.916666666666667
284	1	0	0	1	1	1	0	0.916666666666667
250	1	0	0	1	1	1	0	0.916666666666667
122	1	0	0	1	1	1	0	0.916666666666667
167	1	0	0	1	1	1	0	0.916666666666667
215	1	0	0	1	1	1	0	0.916666666666667
302	1	0	0	1	1	1	0	0.916666666666667
209	1	0	0	1	1	1	0	0.916666666666667
184	1	0	0	1	1	1	0	0.916666666666667
275	1	0	0	1	1	1	0	0.916666666666667
81	1	0	0	1	1	1	0	0.916666666666667
238	1	0	0	1	1	1	0	0.916666666666667
294	1	0	0	1	1	1	0	0.916666666666667
281	1	0	0	1	1	1	0	0.916666666666667
305	1	0	0	1	1	1	0	0.916666666666667
172	1	0	0	1	1	1	0	0.916666666666667
291	1	0	0	1	1	1	0	0.916666666666667
163	1	0	0	1	1	1	0	0.916666666666667
277	1	0	0	1	1	1	0	0.916666666666667
303	1	0	0	1	1	1	0	0.916666666666667
290	1	0	0	1	1	1	0	0.916666666666667
93	1	0	0	1	1	1	0	0.916666666666667
292	1	0	0	1	1	1	0	0.916666666666667
309	1	0	0	1	1	1	0	0.916666666666667
280	1	0	0	1	1	1	0	0.916666666666667
260	1	0	0	1	1	1	0	0.916666666666667
183	1	0	0	1	1	1	0	0.916666666666667
267	1	0	0	1	1	1	0	0.916666666666667
265	1	0	0	1	1	1	0	0.916666666666667
214	1	0	0	1	1	1	0	0.916666666666667
283	2	0.206976261198192	0.100208818165651	1.11136897114435	2	2	0.103488130599096	0.907849474559613
198	2	0.515961592809459	0.333556813407417	1.500502998782	2	2	0.257980796404729	0.881413588375263
96	2	0.660071836941924	0.467290956482343	1.87719734096621	2	2	0.330035918470962	0.854647466463221
312	3	0.807764437938064	0.505010554854836	2.02024509776513	3	3	0.269254812646021	0.844752055729111
152	2	0.674825554750094	0.481790544548249	1.929721639541	2	2	0.337412777375047	0.849236449490129
298	2	0.691229018849773	0.498083065051972	1.99236154505037	2	2	0.345614509424887	0.838493187643329
185	1	0	0	1	1	1	0	0.916666666666667
70	1	0	0	1	1	1	0	0.916666666666667
67	1	0	0	1	1	1	0	0.916666666666667
116	1	0	0	1	1	1	0	0.916666666666667
270	1	0	0	1	1	1	0	0.916666666666667
264	1	0	0	1	1	1	0	0.916666666666667
126	1	0	0	1	1	1	0	0.916666666666667
144	1	0	0	1	1	1	0	0.916666666666667
88	1	0	0	1	1	1	0	0.916666666666667
193	1	0	0	1	1	1	0	0.916666666666667
157	1	0	0	1	1	1	0	0.916666666666667
208	1	0	0	1	1	1	0	0.916666666666667
173	1	0	0	1	1	1	0	0.916666666666667
108	1	0	0	1	1	1	0	0.916666666666667
124	1	0	0	1	1	1	0	0.916666666666667
119	1	0	0	1	1	1	0	0.916666666666667
104	1	0	0	1	1	1	0	0.916666666666667
117	1	0	0	1	1	1	0	0.916666666666667
227	1	0	0	1	1	1	0	0.916666666666667
243	2	0.121147618142657	0.0509608633120495	1.05369732537048	2	2	0.0605738090713286	0.91230582649533
297	1	0	0	1	1	1	0	0.916666666666667
247	1	0	0	1	1	1	0	0.916666666666667
113	1	0	0	1	1	1	0	0.916666666666667
143	1	0	0	1	1	1	0	0.916666666666667
149	1	0	0	1	1	1	0	0.916666666666667
72	1	0	0	1	1	1	0	0.916666666666667
179	1	0	0	1	1	1	0	0.916666666666667
100	1	0	0	1	1	1	0	0.916666666666667
282	1	0	0	1	1	1	0	0.916666666666667
293	1	0	0	1	1	1	0	0.916666666666667
234	1	0	0	1	1	1	0	0.916666666666667
120	1	0	0	1	1	1	0	0.916666666666667
285	2	0.62104140793082	0.429644727338058	1.7532931629313	2	2	0.31052070396541	0.864592836924229
164	2	0.641068066811272	0.448831444801961	1.81432701588118	2	2	0.320534033405636	0.85999180999181
76	2	0.676363987780666	0.483310911307592	1.93539987951113	2	2	0.338181993890333	0.848558079587562
240	2	0.692805282514033	0.499658140920622	1.99863349798473	2	2	0.346402641257017	0.835512333739284
151	1	0	0	1	1	1	0	0.916666666666667
114	1	0	0	1	1	1	0	0.916666666666667
156	1	0	0	1	1	1	0	0.916666666666667
242	1	0	0	1	1	1	0	0.916666666666667
132	2	0.481959293855527	0.30416058763204	1.43711319339756	2	2	0.240979646927763	0.885486874329548
308	2	0.585495536583839	0.396270637417177	1.65637131797249	2	2	0.292747768291919	0.871289697640628
154	2	0.533311643562501	0.34888146647889	1.53581866974699	2	2	0.266655821781251	0.879146743172883
168	2	0.642469242582332	0.450184112655684	1.8187906588697	2	2	0.321234621291166	0.859637084476975
274	2	0.69310242221183	0.499955242319659	1.9998209853032	2	2	0.346551211105915	0.834121771313889
138	1	0	0	1	1	1	0	0.916666666666667
161	1	0	0	1	1	1	0	0.916666666666667
98	1	0	0	1	1	1	0	0.916666666666667
229	1	0	0	1	1	1	0	0.916666666666667
89	1	0	0	1	1	1	0	0.916666666666667
92	1	0	0	1	1	1	0	0.916666666666667
310	1	0	0	1	1	1	0	0.916666666666667
304	1	0	0	1	1	1	0	0.916666666666667
299	1	0	0	1	1	1	0	0.916666666666667
69	1	0	0	1	1	1	0	0.916666666666667
127	1	0	0	1	1	1	0	0.916666666666667
136	2	0.621481165017991	0.430063087970245	1.75458016298441	2	2	0.310740582508995	0.864499757581445
218	2	0.686165133656977	0.493034217947341	1.97251971513953	2	2	0.343082566828488	0.843169337245167
86	1	0	0	1	1	1	0	0.916666666666667
128	1	0	0	1	1	1	0	0.916666666666667
199	1	0	0	1	1	1	0	0.916666666666667
186	1	0	0	1	1	1	0	0.916666666666667
103	1	0	0	1	1	1	0	0.916666666666667
190	1	0	0	1	1	1	0	0.916666666666667
170	1	0	0	1	1	1	0	0.916666666666667
125	1	0	0	1	1	1	0	0.916666666666667
315	1	0	0	1	1	1	0	0.916666666666667
314	2	0.441625262601372	0.270405173488412	1.37062375398315	2	2	0.220812631300686	0.889802944938896
