sample_uid	11	19	10	18	14	20	12	13	16	15	21	17
77	1.0	0	0	0	0	0	0	0	0	0	0	0
109	1.0	0	0	0	0	0	0	0	0	0	0	0
63	1.0	0	0	0	0	0	0	0	0	0	0	0
212	1.0	0	0	0	0	0	0	0	0	0	0	0
115	0.9998427778900792	0	0	0	0	0	0	0	0	0	0	0
111	0.9998211810988421	0	0	0	0	0	0	0	0	0	0	0
176	0.9950341402855369	0	0	0	0	0	0	0	0	0	0	0
106	0.9948013367991088	0	0	0	0	0	0	0	0	0	0	0
191	0.994758064516129	0	0	0	0	0	0	0	0	0	0	0
80	0.9944873208379272	0	0	0	0	0	0	0	0	0	0	0
311	0.9942704070243321	0	0	0	0	0	0	0	0	0	0	0
62	0.9930049788092005	0	0	0	0	0	0	0	0	0	0	0
217	0.992695808517811	0	0	0	0	0	0	0	0	0	0	0
102	0.9923853266453133	0	0	0	0	0	0	0	0	0	0	0
205	0.9908814589665653	0	0	0	0	0	0	0	0	0	0	0
130	0.9906193398394203	0	0	0	0	0	0	0	0	0	0	0
153	0.9897713158471543	0	0	0	0	0	0	0	0	0	0	0
169	0.9880740300870943	0	0	0	0	0	0	0	0	0	0	0
68	0.9879135352909274	0	0	0	0	0	0	0	0	0	0	0
222	0.9859934356156018	0	0	0	0	0	0	0	0	0	0	0
134	0.9857522417801395	0	0	0	0	0	0	0	0	0	0	0
231	0.9854095215950707	0	0	0	0	0	0	0	0	0	0	0
244	0.9851144327978664	0	0	0	0	0	0	0	0	0	0	0
223	0.9828142759718118	0	0	0	0	0	0	0	0	0	0	0
271	0.9815885030430113	0	0	0	0	0	0	0	0	0	0	0
171	0.9802648378506548	0	0	0	0	0	0	0	0	0	0	0
269	0.9795182611421704	0	0	0	0	0	0	0	0	0	0	0
94	0.9782931354359926	0	0	0	0	0	0	0	0	0	0	0
272	0.9782444396458648	0	0	0	0	0	0	0	0	0	0	0
188	0.9779871444923836	0	0	0	0	0	0	0	0	0	0	0
65	0.9777844092973905	0	0	0	0	0	0	0	0	0	0	0
221	0.9764109067850348	0	0	0	0	0	0	0	0	0	0	0
131	0.9751863713432193	0	0	0	0	0	0	0	0	0	0	0
79	0.9746413515898174	0	0	0	0	0	0	0	0	0	0	0
145	0.9738365009746589	0	0	0	0	0	0	0	0	0	0	0
141	0.9713350899035816	0	0	0	0	0	0	0	0	0	0	0
110	0.9708994708994708	0	0	0	0	0	0	0	0	0	0	0
91	0.9705953324830225	0	0	0	0	0	0	0	0	0	0	0
150	0.970247724974722	0	0	0	0	0	0	0	0	0	0	0
107	0.9694577455674906	0	0	0	0	0	0	0	0	0	0	0
237	0.9692207792207792	0	0	0	0	0	0	0	0	0	0	0
73	0.9683598794662075	0	0	0	0	0	0	0	0	0	0	0
84	0.9683363074241607	0	0	0	0	0	0	0	0	0	0	0
258	0.9679971233369291	0	0	0	0	0	0	0	0	0	0	0
158	0.9679411236761802	0	0	0	0	0	0	0	0	0	0	0
178	0.9667606768734891	0	0	0	0	0	0	0	0	0	0	0
78	0.9664331582019848	0	0	0	0	0	0	0	0	0	0	0
177	0.963916843220339	0	0	0	0	0	0	0	0	0	0	0
148	0.9622398947620187	0	0	0	0	0	0	0	0	0	0	0
74	0.9617737894062118	0	0	0	0	0	0	0	0	0	0	0
301	0.9611557262569832	0	0	0	0	0	0	0	0	0	0	0
182	0.9603541759936328	0	0	0	0	0	0	0	0	0	0	0
263	0.9594790910034243	0	0	0	0	0	0	0	0	0	0	0
289	0.9586659064994298	0	0	0	0	0	0	0	0	0	0	0
174	0.9583895912605868	0	0	0	0	0	0	0	0	0	0	0
140	0.9576274075336628	0	0	0	0	0	0	0	0	0	0	0
197	0.9569478794540625	0	0	0	0	0	0	0	0	0	0	0
66	0.9563127495445207	0	0	0	0	0	0	0	0	0	0	0
313	0.953919393603254	0	0	0	0	0	0	0	0	0	0	0
135	0.9535699197296155	0	0	0	0	0	0	0	0	0	0	0
189	0.9517796647454794	0	0	0	0	0	0	0	0	0	0	0
213	0.9516512942576615	0	0	0	0	0	0	0	0	0	0	0
82	0.9437758555848064	0	0	0	0	0	0	0	0	0	0	0
175	0.940286473154999	0	0	0	0	0	0	0	0	0	0	0
85	0.939893547968324	0	0	0	0	0	0	0	0	0	0	0
97	0.9376799962230301	0	0	0	0	0	0	0	0	0	0	0
296	0.9363180014008872	0	0	0	0	0	0	0	0	0	0	0
105	0.9326870880186119	0	0	0	0	0	0	0	0	0	0	0
206	0.9256669836120588	0	0	0	0	0	0	0	0	0	0	0
121	0.9220461280762788	0	0	0	0	0	0	0	0	0	0	0
181	0.9210443370455978	0	0	0	0	0	0	0	0	0	0	0
83	0.917037126036285	0	0	0	0	0	0	0	0	0	0	0
226	0.9167784514675109	0	0	0	0	0	0	0	0	0	0	0
216	0.9148670448040798	0	0	0	0	0	0	0	0	0	0	0
137	0.9066716319573749	0	0	0	0	0	0	0	0	0	0	0
123	0.904823782120979	0	0	0	0	0	0	0	0	0	0	0
273	0.9034664091006654	0	0	0	0	0	0	0	0	0	0	0
246	0.8948603302492364	0	0	0	0	0	0	0	0	0	0	0.0091194829341715
233	0.8868256450351837	0	0	0	0	0	0	0	0	0	0	0.07961949439666406
220	0.8842124169310902	0	0	0	0	0	0	0	0	0	0	0
147	0.8458494853629194	0	0	0	0	0	0	0	0	0	0	0
155	0.8433213455968938	0	0	0	0	0	0	0	0	0	0	0
203	0.8330918749245443	0	0	0	0	0	0	0	0	0	0	0
236	0.8178821938646159	0	0	0	0	0	0	0	0	0	0	0
239	0.7792555605991829	0	0	0	0	0	0	0	0	0	0	0
194	0.5902180213116947	0	0	0	0	0	0	0	0	0	0	0
200	0.4842418235877106	0	0	0	0	0	0	0	0	0	0	0
196	0	0	0	0	0	0	0	0	0	0	0	0.9597888352240818
95	0	0	0	0	0	0	0	0	0	0	0	0.9568027869169731
61	0	0	0	0	0	0	0	0	0	0	0	0.9559745196753314
204	0	0	0	0	0	0	0	0	0	0	0	0.9559543230016313
165	0	0	0	0	0	0	0	0	0	0	0	0.9559317087406975
101	0	0	0	0	0	0	0	0	0	0	0	0.9552780153977759
201	0	0	0	0	0	0	0	0	0	0	0	0.9534414995465081
112	0	0	0	0	0	0	0	0	0	0	0	0.9522582458770614
118	0	0	0	0	0	0	0	0	0	0	0	0.9519885459751829
187	0	0	0	0	0	0	0	0	0	0	0	0.951427928940859
295	0	0	0	0	0	0	0	0	0	0	0	0.9508693894055803
276	0	0	0	0	0	0	0	0	0	0	0	0.9506503442999235
166	0	0	0	0	0	0	0	0	0	0	0	0.9504950495049506
160	0	0	0	0	0	0	0	0	0	0	0	0.9499202551834129
142	0	0	0	0	0	0	0	0	0	0	0	0.9496915695681973
71	0	0	0	0	0	0	0	0	0	0	0	0.9494542002847651
180	0	0	0	0	0	0	0	0	0	0	0	0.9489772108578984
90	0	0	0	0	0	0	0	0	0.005542528245576637	0	0	0.9484727593872765
195	0	0	0	0	0	0	0	0	0	0	0	0.9470152973200936
300	0	0	0	0	0	0	0	0	0	0	0	0.9463366476271067
256	0	0	0	0	0	0	0	0	0	0	0	0.9450727916014152
228	0	0	0	0	0	0	0	0	0	0	0	0.9447811447811447
288	0	0	0	0	0	0	0	0	0	0	0	0.9441552874900496
75	0	0	0	0	0.017008660372942186	0.002340641335725989	0	0	0	0	0	0.9424202231411406
255	0	0	0	0	0	0	0	0	0	0	0	0.9423750876138981
286	0	0	0	0	0	0	0	0	0	0	0	0.9414225941422594
224	0	0	0	0	0	0.013865987108379553	0	0	0	0	0.0011242692250037476	0.9412381951731374
207	0	0	0	0	0	0	0	0	0.010067696580454782	0	0	0.9412139096221721
254	0	0	0	0	0	0	0	0	0.017678942302821538	0	0	0.9406311736994073
268	0	0	0	0	0	0.014269047832720093	0	0	0	0	0.002064076101588441	0.9390648837835412
219	0	0	0	0	0	0	0	0	0	0	0	0.9386911737494603
261	0	0	0	0	0	0	0	0	0.011602015703738429	0	0	0.9337278799953124
99	0	0	0	0	0	0	0	0	0	0	0	0.9278652382100658
192	0	0	0	0	0	0	0	0	0	0	0	0.9262356778456134
279	0	0	0	0	0	0	0	0	0	0	0	0.9245435636699793
159	0	0	0	0	0	0	0	0	0	0	0	0.9243472981177898
278	0	0	0	0	0	0	0	0	0	0	0	0.9240265906932574
129	0	0	0	0	0	0	0	0	0	0	0	0.9239157683629983
306	0	0	0	0	0	0	0	0	0	0	0	0.9235345486300621
225	0	0	0	0	0	0	0	0	0	0	0	0.9178561561838107
257	0	0	0	0	0	0	0	0	0	0	0	0.9177680726353293
262	0	0	0	0	0	0	0	0	0.010887957036710071	0	0	0.9144044728904583
232	0	0	0	0	0	0	0	0	0.033259681358297474	0	0	0.911385044772648
230	0	0	0	0	0	0	0	0	0	0.04504065040650407	0	0.9017073170731706
235	0	0	0	0	0	0	0	0	0.04379161770466118	0	0	0.900274187230709
64	0	0.02146788219972272	0	0	0	0.002856782758475822	0	0	0	0	0	0.894551107003319
307	0	0	0	0	0.04487262381999224	0	0	0	0	0	0	0.8829044355360146
266	0	0	0	0	0	0	0	0	0	0.00978933730025433	0	0.8784010749076251
133	0	0	0	0	0.07106384774444023	0	0	0	0	0	0	0.8613748575769085
249	0	0	0	0	0	0	0	0	0	0.08689272905119008	0	0.8593087707857842
139	0	0.07537212941733086	0	0	0	0	0	0	0	0	0	0.855042399097427
87	0	0	0	0	0	0	0	0	0	0	0.04100296976241901	0.8372367710583154
211	0	0	0	0	0	0	0.09433103134249071	0	0	0	0	0.8234044167868255
162	0	0	0	0	0.07567771084337349	0	0	0	0	0	0	0.7950865963855421
245	0	0	0	0	0	0	0	0	0	0.16073933492862447	0	0.7813763511840911
210	0	0	0	0.18634380185606295	0	0	0	0	0	0	0	0.7285968901726999
251	0	0	0	0	0	0	0	0	0.15313871076611543	0	0	0.7168410394870064
248	0	0	0	0.25094939956892126	0	0.01960381812583393	0	0	0	0	0	0.6255260186800781
287	0	0.2688504326328801	0	0	0	0	0	0	0	0	0	0.5862948084054388
241	0	0.33017061281337046	0	0	0	0	0	0	0	0	0	0.546657381615599
259	0	0.3516079523146661	0	0	0	0	0	0	0	0	0	0.5136167326980048
253	0	0.3789968987274088	0	0	0	0	0	0	0	0	0	0.4677574590952839
146	0	0.8662401861006107	0	0	0	0	0	0	0	0	0	0
252	0	0.8637836950724161	0	0	0	0	0	0	0	0	0	0
202	0	0.8625095139719474	0	0	0	0	0	0	0	0	0	0
284	0	0.8577047196450182	0	0	0	0	0	0	0	0	0	0
250	0	0.849630610538054	0	0	0	0	0	0	0	0	0	0
122	0	0.8487164813603663	0	0	0	0	0	0	0	0	0	0
167	0	0.8486733458108554	0	0	0	0	0	0	0	0	0	0
215	0	0.8459403192227619	0	0	0	0	0	0	0	0	0	0
302	0	0.8453372474057892	0	0	0	0	0	0	0	0	0	0
209	0	0.8447727906328408	0	0	0	0	0	0	0	0	0	0
184	0	0.8426626323751891	0	0	0	0	0	0	0	0	0	0
275	0	0.8410400042276593	0	0	0	0	0	0	0	0	0	0
81	0	0.8405915906684428	0	0	0	0	0	0	0	0	0	0
238	0	0.8400956080071705	0	0	0	0	0	0	0	0	0	0
294	0	0.837839023962082	0	0	0	0	0	0	0	0	0	0
281	0	0.8344804981973124	0	0	0	0	0	0	0	0	0	0
305	0	0.8337221962980246	0	0	0	0	0	0	0	0	0	0
172	0	0.8269646274461385	0	0	0	0	0	0	0	0	0	0
291	0	0.8219597088914672	0	0	0	0	0	0	0	0	0	0
163	0	0.8133384229468862	0	0	0	0	0	0	0	0	0	0
277	0	0.8062630267907072	0	0	0	0	0	0	0	0	0	0
303	0	0.8037811883734888	0	0	0	0	0	0	0	0	0	0
290	0	0.8007259241724859	0	0	0	0	0	0	0	0	0	0
93	0	0.7948874010955569	0	0	0	0	0	0	0	0	0	0
292	0	0.7847682119205298	0	0	0	0	0	0	0	0	0	0
309	0	0.7837837837837838	0	0	0	0	0	0	0	0	0	0
280	0	0.7762690879075527	0	0	0	0	0	0	0	0	0	0
260	0	0.7757630456186413	0	0	0	0	0	0	0	0	0	0
183	0	0.7638965327462851	0	0	0	0	0	0	0	0	0	0
267	0	0.7634408602150538	0	0	0	0	0	0	0	0	0	0
265	0	0.7568802349613837	0	0	0	0	0	0	0	0	0	0
214	0	0.7413715486194478	0	0	0	0	0	0	0	0	0	0
283	0	0.7096486383141437	0	0	0	0	0	0	0	0	0	0.039639716191528236
198	0	0.6512306811677161	0	0	0	0	0	0	0	0	0	0.1746994848311391
96	0	0.52105096549541	0	0	0	0	0	0	0	0	0	0.3088002532446977
312	0	0.5000657346947719	0	0	0	0.03751259914983128	0	0	0	0	0	0.27604189491213466
152	0	0.4937515621094727	0	0	0	0	0	0	0	0	0	0.3354994584687162
298	0	0.4498928418345478	0	0	0	0	0	0	0	0	0	0.397428204029147
185	0	0	0.9849154282143973	0	0	0	0	0	0	0	0	0
70	0	0	0.9674772036474164	0	0	0	0	0	0	0	0	0
67	0	0	0.9576955984409163	0	0	0	0	0	0	0	0	0
116	0	0	0.9563554475264512	0	0	0	0	0	0	0	0	0
270	0	0	0.9526477257569694	0	0	0	0	0	0	0	0	0
264	0	0	0.9523451506564109	0	0	0	0	0	0	0	0	0
126	0	0	0.9509617599631421	0	0	0	0	0	0	0	0	0
144	0	0	0.9508970727101038	0	0	0	0	0	0	0	0	0
88	0	0	0.9434116192830655	0	0	0	0	0	0	0	0	0
193	0	0	0.9412884971161171	0	0	0	0	0	0	0	0	0
157	0	0	0.9332740213523132	0	0	0	0	0	0	0	0	0
208	0	0	0.9300148772625837	0	0	0	0	0	0	0	0	0
173	0	0	0.9259094223446488	0	0	0	0	0	0	0	0	0
108	0	0	0.9157935887412041	0	0	0	0	0	0	0	0	0
124	0	0	0.9093856292517006	0	0	0	0	0	0	0	0	0
119	0	0	0.9082864038616251	0	0	0	0	0	0	0	0	0
104	0	0	0.9002700543912365	0	0	0	0	0	0	0	0	0
117	0	0	0.8964820537199905	0	0	0	0	0	0	0	0	0
227	0	0	0.895263010370924	0	0	0	0	0	0	0	0	0
243	0	0	0.8665105386416863	0	0	0	0	0	0	0	0	0.023281443725030996
297	0	0	0	0.8739141435438981	0	0	0	0	0	0	0	0
247	0	0	0	0.8700536124585142	0	0	0	0	0	0	0	0
113	0	0	0	0.869211532380925	0	0	0	0	0	0	0	0
143	0	0	0	0.8604739576732986	0	0	0	0	0	0	0	0
149	0	0	0	0.8507264645392424	0	0	0	0	0	0	0	0
72	0	0	0	0.8433562585969738	0	0	0	0	0	0	0	0
179	0	0	0	0.8357177046216029	0	0	0	0	0	0	0	0
100	0	0	0	0.8239233920070851	0	0	0	0	0	0	0	0
282	0	0	0	0.8147824084734054	0	0	0	0	0	0	0	0
293	0	0	0	0.8112781508110999	0	0	0	0	0	0	0	0
234	0	0	0	0.7872324100360623	0	0	0	0	0	0	0	0
120	0	0	0	0.7728130899937067	0	0	0	0	0	0	0	0
285	0	0	0	0.5829812555786968	0	0	0	0	0	0	0	0.26492115441832786
164	0	0	0	0.5567531713788243	0	0	0	0	0	0	0	0.2868750518199154
76	0	0	0	0.5062060405461316	0	0	0	0	0	0	0	0.34981381878361606
240	0	0	0	0.4475410860463663	0	0	0	0	0	0	0	0.4247328625882647
151	0	0	0	0	0.8215359703909322	0	0	0	0	0	0	0
114	0	0	0	0	0.8175960257748659	0	0	0	0	0	0	0
156	0	0	0	0	0.786883420554504	0	0	0	0	0	0	0
242	0	0	0	0	0.6670967741935484	0	0	0	0	0	0	0
132	0	0	0	0	0.5828725673734163	0	0	0	0	0	0	0.1341373155122121
308	0	0	0	0	0.575918523791272	0	0	0	0	0	0	0.2154629578930077
154	0	0	0	0	0.5441439828080229	0	0	0	0	0	0	0.1580856017191977
168	0	0	0	0	0.5262061588695602	0	0	0	0	0	0	0.2737150256150425
274	0	0	0	0	0.3928071563317714	0	0	0	0	0	0	0.385443923811842
138	0	0	0	0	0	0.9495933051775379	0	0	0	0	0	0
161	0	0	0	0	0	0.9319422372693983	0	0	0	0	0	0
98	0	0	0	0	0	0.9185332234624316	0	0	0	0	0	0
229	0	0	0	0	0	0.9097119746406515	0	0	0	0	0	0
89	0	0	0	0	0	0.9005609915198957	0	0	0	0	0	0
92	0	0	0	0	0	0	0.9012300825245237	0	0	0	0	0
310	0	0	0	0	0	0	0.8949961253182774	0	0	0	0	0
304	0	0	0	0	0	0	0.8863742538281858	0	0	0	0	0
299	0	0	0	0	0	0	0.8766450505435819	0	0	0	0	0
69	0	0	0	0	0	0	0.8696373056994818	0	0	0	0	0
127	0	0	0	0	0	0	0.7284110695365464	0	0	0	0	0
136	0	0	0	0	0	0	0.5999590247900021	0	0	0	0	0.27334562589633277
218	0	0	0	0	0	0	0.4840254030288227	0	0	0	0	0.3818270639960919
86	0	0	0	0	0	0	0	0.9929844306884262	0	0	0	0
128	0	0	0	0	0	0	0	0.9898647077967363	0	0	0	0
199	0	0	0	0	0	0	0	0.9769189739611114	0	0	0	0
186	0	0	0	0	0	0	0	0.9768701587129625	0	0	0	0
103	0	0	0	0	0	0	0	0.9759507671364964	0	0	0	0
190	0	0	0	0	0	0	0	0.9757741433755951	0	0	0	0
170	0	0	0	0	0	0	0	0.9754455035225861	0	0	0	0
125	0	0	0	0	0	0	0	0.9414408866995073	0	0	0	0
315	0	0	0	0	0	0	0	0	0	0.8220858895705521	0	0
314	0	0	0	0	0	0	0	0	0	0.6529587491260408	0	0.12546875993135448
