sample_uid	sample_name	raw_contigs	post_qc_absolute_seqs	post_qc_unique_seqs	post_taxa_id_absolute_symbiodinium_seqs	post_taxa_id_unique_symbiodinium_seqs	size_screening_violation_absolute	size_screening_violation_unique	post_taxa_id_absolute_non_symbiodinium_seqs	post_taxa_id_unique_non_symbiodinium_seqs	post_med_absolute	post_med_unique	noName Clade A	noName Clade B	noName Clade C	noName Clade D	noName Clade E	noName Clade F	noName Clade G	noName Clade H	noName Clade I	sample_type	host_phylum	host_class	host_order	host_family	host_genus	host_species	collection_latitude	collection_longitude	collection_date	collection_depth	C1d	C17d	C31	C42.2	C1	C21	C17e	C21ac	C3cg	C17f	C1bi	1853_C	1840_C	1365_C	C17	C3.12	C1b	1842_C	C3cw	C3	C31.9	C1k	1857_C	1841_C	1846_C	1863_C	1844_C	1860_C	1849_C	C21k	C31.10	1858_C	1422_C	1866_C	1865_C	1859_C	1861_C	1862_C	1875_C	1876_C	1867_C	1864_C	1839_C	1855_C	1845_C	1843_C	1850_C	1848_C	1847_C	1872_C	1852_C	1854_C	C31a	1402_C	1424_C	1874_C	1851_C	1873_C	1856_C	C21.16	D1	D4	D6	D1ab	1833_D	D4d	1835_D	1834_D	1836_D	1837_D	D17d	D17j	1838_D	D17e	D17l	1868_D	1869_D	D5m	D17c	D17k	1870_D	1871_D	1877_D	G3l	G3k	G3m
57	HP11	38924	26230	291	26230	291	0	0	0	0	25674	12	0	0	0	1290	0	0	0	0	0	coral_field	Cnidaria	Anthozoa	Scleractinia	Acroporidae	Montipora	capitata	999.00000000	999.00000000	20180904.0	NoData	0	0	0	0	0	0	0	0	0	0	0	0	0	0	0	0	0	0	0	0	0	0	0	0	0	0	0	0	0	0	0	0	0	0	0	0	0	0	0	0	0	0	0	0	0	0	0	0	0	0	0	0	0	0	0	0	0	0	0	0	10850	8123	3843	1494	492	0	202	269	213	0	0	0	114	0	0	0	0	0	0	0	0	0	0	50	16	8
50	HP04	59977	41819	479	41819	479	0	0	0	0	40562	15	0	0	0	2215	0	0	0	0	0	coral_field	Cnidaria	Anthozoa	Scleractinia	Acroporidae	Montipora	capitata	999.00000000	999.00000000	20180904.0	NoData	5	0	0	0	0	0	0	0	0	0	0	0	0	0	0	0	0	0	0	0	0	0	0	0	0	0	0	0	0	0	0	0	0	0	0	0	0	0	0	0	0	0	0	0	0	0	0	0	0	0	0	0	0	0	0	0	0	0	0	0	17086	11618	6131	2493	714	920	355	418	304	226	0	0	198	0	0	0	0	0	0	0	0	0	0	66	14	14
58	HP12	36677	26143	324	26143	324	0	0	0	0	25455	37	0	0	142	1291	0	0	0	0	0	coral_field	Cnidaria	Anthozoa	Scleractinia	Acroporidae	Montipora	capitata	999.00000000	999.00000000	20180905.0	NoData	7	138	152	0	0	17	6	5	0	20	0	0	14	0	0	0	0	0	0	0	28	0	0	0	5	0	0	0	0	0	6	0	0	0	0	0	0	12	0	0	0	0	15	22	10	5	9	7	6	10	6	6	6	6	0	5	0	4	0	0	10185	7550	3907	1485	426	505	301	286	143	135	0	0	0	0	0	0	0	0	0	0	0	0	0	5	0	0
51	HP05	50073	34924	408	34924	408	0	0	0	0	33984	39	0	0	188	1892	0	0	0	0	0	coral_field	Cnidaria	Anthozoa	Scleractinia	Acroporidae	Montipora	capitata	999.00000000	999.00000000	20180905.0	NoData	27	155	238	0	0	22	22	16	0	31	0	4	18	0	0	0	0	15	0	0	12	0	0	15	11	0	14	0	7	0	0	0	0	0	0	0	0	0	0	0	0	0	23	4	12	14	7	9	9	0	5	4	0	0	7	0	6	0	4	4	13707	9879	5205	1885	752	690	416	350	219	155	0	0	0	0	0	0	0	0	0	0	0	0	0	11	0	0
47	HP01	59653	42557	519	42438	517	119	2	0	0	41577	8	0	0	335	0	0	0	0	0	0	coral_field	Cnidaria	Anthozoa	Scleractinia	Pocilloporidae	Pocillopora	acuta	999.00000000	999.00000000	20180907.0	NoData	35910	0	0	2247	1692	0	0	0	447	0	456	0	0	335	0	0	265	0	225	0	0	0	0	0	0	0	0	0	0	0	0	0	0	0	0	0	0	0	0	0	0	0	0	0	0	0	0	0	0	0	0	0	0	0	0	0	0	0	0	0	0	0	0	0	0	0	0	0	0	0	0	0	0	0	0	0	0	0	0	0	0	0	0	0	0	0
54	HP08	56006	41313	496	41244	494	69	2	0	0	40598	9	0	0	324	0	0	0	0	0	0	coral_field	Cnidaria	Anthozoa	Scleractinia	Pocilloporidae	Pocillopora	acuta	999.00000000	999.00000000	20180907.0	NoData	34941	0	0	2187	1630	0	0	0	409	0	282	0	0	324	0	0	375	0	267	0	0	183	0	0	0	0	0	0	0	0	0	0	0	0	0	0	0	0	0	0	0	0	0	0	0	0	0	0	0	0	0	0	0	0	0	0	0	0	0	0	0	0	0	0	0	0	0	0	0	0	0	0	0	0	0	0	0	0	0	0	0	0	0	0	0	0
56	HP10	55089	40770	560	40711	559	59	1	0	0	39658	9	0	0	283	0	0	0	0	0	0	coral_field	Cnidaria	Anthozoa	Scleractinia	Pocilloporidae	Pocillopora	acuta	999.00000000	999.00000000	20180907.0	NoData	32636	0	0	3012	2068	0	0	0	372	0	457	0	0	283	0	0	268	0	253	0	0	309	0	0	0	0	0	0	0	0	0	0	0	0	0	0	0	0	0	0	0	0	0	0	0	0	0	0	0	0	0	0	0	0	0	0	0	0	0	0	0	0	0	0	0	0	0	0	0	0	0	0	0	0	0	0	0	0	0	0	0	0	0	0	0	0
49	HP03	56843	42349	549	42292	548	57	1	0	0	41175	9	0	0	270	0	0	0	0	0	0	coral_field	Cnidaria	Anthozoa	Scleractinia	Pocilloporidae	Pocillopora	acuta	999.00000000	999.00000000	20180907.0	NoData	33900	0	0	3147	2080	0	0	0	335	0	424	0	0	270	0	0	356	0	258	0	0	405	0	0	0	0	0	0	0	0	0	0	0	0	0	0	0	0	0	0	0	0	0	0	0	0	0	0	0	0	0	0	0	0	0	0	0	0	0	0	0	0	0	0	0	0	0	0	0	0	0	0	0	0	0	0	0	0	0	0	0	0	0	0	0	0
60	HP14	32590	22609	482	22586	480	23	2	0	0	21023	36	0	0	552	412	0	0	0	0	0	coral_field	NoData	NoData	NoData	NoData	NoData	NoData	999.00000000	999.00000000	NoData	NoData	11712	690	676	623	423	346	79	0	141	0	146	0	0	96	0	331	0	0	0	218	0	0	0	0	0	183	0	0	0	0	0	0	89	101	83	0	0	0	0	0	0	0	0	0	0	0	0	0	0	0	0	0	0	0	0	0	0	0	0	0	1662	1373	772	245	84	87	42	32	37	0	136	123	0	76	66	79	68	42	56	36	43	0	27	0	0	0
53	HP07	71230	48435	890	48357	883	70	6	8	1	44063	43	0	0	2067	963	0	0	0	0	0	coral_field	NoData	NoData	NoData	NoData	NoData	NoData	999.00000000	999.00000000	NoData	NoData	21765	2041	1703	1067	834	649	190	224	206	202	0	197	192	202	0	866	0	0	0	621	0	0	0	0	0	451	0	0	0	0	0	0	244	215	227	0	0	0	0	0	187	152	0	0	0	0	0	0	0	0	0	0	0	0	0	0	0	0	0	0	4102	3110	1556	563	189	212	151	72	142	55	253	228	0	156	142	110	104	136	103	99	79	61	0	5	0	0
59	HP13	39430	28440	445	28312	439	128	6	0	0	26742	22	0	0	3508	0	0	0	0	0	0	coral_field	Cnidaria	Anthozoa	Scleractinia	Acroporidae	Montipora	capitata	999.00000000	999.00000000	20180910.0	NoData	0	9936	7166	0	0	2461	889	872	0	797	0	646	630	0	504	0	0	405	0	0	284	0	285	276	242	0	213	226	197	175	150	143	0	0	0	0	0	0	129	116	0	0	0	0	0	0	0	0	0	0	0	0	0	0	0	0	0	0	0	0	0	0	0	0	0	0	0	0	0	0	0	0	0	0	0	0	0	0	0	0	0	0	0	0	0	0
52	HP06	47707	32868	500	32671	492	197	8	0	0	30698	23	0	0	4276	0	0	0	0	0	0	coral_field	Cnidaria	Anthozoa	Scleractinia	Acroporidae	Montipora	capitata	999.00000000	999.00000000	20180910.0	NoData	0	11589	7835	0	0	2836	963	1037	0	842	0	839	647	0	610	0	0	416	0	0	343	0	330	266	293	0	234	221	234	174	193	187	0	0	0	246	210	153	0	0	0	0	0	0	0	0	0	0	0	0	0	0	0	0	0	0	0	0	0	0	0	0	0	0	0	0	0	0	0	0	0	0	0	0	0	0	0	0	0	0	0	0	0	0	0	0
48	HP02	53781	41312	492	41312	492	0	0	0	0	40181	4	0	0	201	0	0	0	0	0	0	coral_field	Cnidaria	Anthozoa	Scleractinia	Pocilloporidae	Pocillopora	acuta	999.00000000	999.00000000	20180910.0	NoData	38858	0	0	0	813	0	0	0	309	0	0	0	0	201	0	0	0	0	0	0	0	0	0	0	0	0	0	0	0	0	0	0	0	0	0	0	0	0	0	0	0	0	0	0	0	0	0	0	0	0	0	0	0	0	0	0	0	0	0	0	0	0	0	0	0	0	0	0	0	0	0	0	0	0	0	0	0	0	0	0	0	0	0	0	0	0
55	HP09	57565	40146	505	40146	505	0	0	0	0	39349	4	0	0	0	0	0	0	0	0	0	coral_field	Cnidaria	Anthozoa	Scleractinia	Pocilloporidae	Pocillopora	acuta	999.00000000	999.00000000	20180910.0	NoData	37776	0	0	0	961	0	0	0	308	0	304	0	0	0	0	0	0	0	0	0	0	0	0	0	0	0	0	0	0	0	0	0	0	0	0	0	0	0	0	0	0	0	0	0	0	0	0	0	0	0	0	0	0	0	0	0	0	0	0	0	0	0	0	0	0	0	0	0	0	0	0	0	0	0	0	0	0	0	0	0	0	0	0	0	0	0
seq_accession																																	332	1158	848	329	1	18	1146	1156	23	1144	26	1853	1840	1365	568	814	8	1842	1076	15	853	24	1857	1841	1846	1863	1844	1860	1849	316	854	1858	1422	1866	1865	1859	1861	1862	1875	1876	1867	1864	1839	1855	1845	1843	1850	1848	1847	1872	1852	1854	1143	1402	1424	1874	1851	1873	1856	841	347	57	68	985	1833	118	1835	1834	1836	1837	386	1080	1838	147	149	1868	1869	1190	126	1083	1870	1871	1877	265	1102	1110
